📊 RELATÓRIO FINAL — IA LOTOFÁCIL
==================================================

🔹 ESTATÍSTICAS DO TREINAMENTO
Jogos avaliados: 3579
Média de pontos: 8.98
Jogos 11+: 357
Taxa premiada (%): 9.97

==================================================
🎯 10 JOGOS — 15 DEZENAS

Jogo 01: [1, 5, 8, 9, 10, 11, 12, 13, 14, 16, 17, 18, 20, 22, 25]
Jogo 02: [4, 6, 9, 10, 11, 12, 13, 14, 15, 17, 18, 19, 21, 23, 25]
Jogo 03: [2, 4, 5, 7, 8, 9, 11, 13, 14, 15, 16, 17, 18, 19, 24]
Jogo 04: [1, 5, 6, 8, 10, 11, 12, 13, 15, 18, 20, 21, 22, 23, 25]
Jogo 05: [1, 4, 5, 6, 7, 8, 10, 12, 13, 14, 17, 19, 20, 22, 25]
Jogo 06: [3, 4, 5, 6, 7, 8, 13, 14, 18, 19, 20, 21, 22, 23, 24]
Jogo 07: [4, 6, 7, 8, 9, 10, 11, 12, 14, 15, 16, 18, 19, 20, 21]
Jogo 08: [1, 3, 4, 6, 7, 8, 11, 13, 14, 16, 17, 19, 20, 23, 25]
Jogo 09: [2, 5, 7, 8, 9, 10, 11, 12, 14, 17, 20, 21, 22, 23, 25]
Jogo 10: [5, 6, 7, 8, 9, 10, 12, 13, 14, 17, 18, 20, 21, 22, 24]

==================================================
🎯 7 JOGOS — 18 DEZENAS

Jogo 01: [2, 3, 5, 6, 8, 9, 10, 11, 12, 13, 14, 15, 17, 18, 19, 20, 21, 25]
Jogo 02: [2, 3, 4, 7, 8, 9, 10, 11, 12, 14, 16, 17, 18, 20, 21, 23, 24, 25]
Jogo 03: [1, 2, 4, 7, 8, 9, 10, 11, 12, 13, 14, 16, 17, 19, 21, 22, 23, 25]
Jogo 04: [1, 3, 4, 6, 7, 8, 10, 13, 14, 15, 16, 17, 18, 19, 21, 22, 23, 24]
Jogo 05: [5, 6, 7, 9, 10, 11, 12, 13, 14, 15, 16, 17, 18, 19, 20, 21, 22, 25]
Jogo 06: [3, 4, 5, 7, 8, 9, 12, 13, 14, 15, 16, 17, 18, 19, 20, 21, 24, 25]
Jogo 07: [1, 2, 4, 5, 6, 7, 8, 9, 11, 12, 13, 14, 15, 17, 21, 22, 24, 25]
