📊 RELATÓRIO FINAL — IA LOTOFÁCIL
==================================================

🔹 ESTATÍSTICAS DO TREINAMENTO
Jogos avaliados: 3584
Média de pontos: 9.02
Jogos 11+: 390
Taxa premiada (%): 10.88

==================================================
🎯 10 JOGOS — 15 DEZENAS

Jogo 01: [1, 2, 5, 7, 9, 11, 12, 13, 15, 16, 20, 21, 23, 24, 25]
Jogo 02: [1, 2, 3, 5, 6, 11, 12, 13, 14, 15, 16, 21, 23, 24, 25]
Jogo 03: [1, 3, 5, 9, 10, 11, 13, 14, 16, 17, 19, 21, 22, 23, 25]
Jogo 04: [1, 4, 5, 9, 10, 11, 12, 13, 14, 15, 17, 19, 21, 24, 25]
Jogo 05: [1, 2, 4, 5, 8, 9, 10, 12, 14, 15, 18, 19, 21, 23, 24]
Jogo 06: [2, 4, 5, 6, 10, 11, 12, 13, 14, 15, 17, 21, 22, 23, 25]
Jogo 07: [3, 4, 5, 6, 9, 10, 11, 14, 16, 17, 19, 20, 21, 23, 25]
Jogo 08: [3, 4, 6, 9, 10, 12, 14, 15, 16, 17, 18, 19, 20, 21, 24]
Jogo 09: [1, 2, 4, 5, 6, 8, 9, 11, 12, 14, 15, 16, 20, 23, 25]
Jogo 10: [1, 3, 6, 11, 12, 13, 14, 15, 16, 19, 21, 22, 23, 24, 25]

==================================================
🎯 7 JOGOS — 18 DEZENAS

Jogo 01: [1, 2, 5, 6, 8, 9, 10, 12, 14, 15, 16, 17, 18, 20, 21, 22, 23, 25]
Jogo 02: [4, 5, 7, 8, 9, 10, 11, 12, 13, 14, 15, 16, 18, 19, 21, 22, 23, 25]
Jogo 03: [2, 4, 5, 6, 7, 9, 10, 12, 13, 14, 15, 17, 18, 19, 20, 21, 23, 24]
Jogo 04: [2, 3, 5, 6, 7, 9, 10, 11, 12, 14, 15, 16, 18, 20, 21, 22, 23, 24]
Jogo 05: [2, 4, 5, 6, 9, 10, 11, 12, 15, 16, 17, 18, 19, 20, 21, 22, 23, 25]
Jogo 06: [1, 3, 5, 6, 8, 11, 12, 13, 14, 15, 17, 18, 19, 20, 21, 22, 23, 24]
Jogo 07: [1, 3, 4, 6, 7, 8, 9, 10, 11, 12, 13, 14, 15, 17, 19, 20, 23, 24]
