📊 RELATÓRIO FINAL — IA LOTOFÁCIL
==================================================

🔹 ESTATÍSTICAS DO TREINAMENTO
Jogos avaliados: 3584
Média de pontos: 9.01
Jogos 11+: 391
Taxa premiada (%): 10.91

==================================================
🎯 10 JOGOS — 15 DEZENAS

Jogo 01: [2, 5, 6, 9, 10, 11, 12, 14, 15, 16, 20, 21, 23, 24, 25]
Jogo 02: [2, 3, 5, 7, 10, 12, 13, 14, 15, 16, 17, 18, 20, 23, 25]
Jogo 03: [2, 3, 5, 6, 8, 9, 11, 14, 15, 16, 18, 19, 22, 23, 24]
Jogo 04: [2, 3, 4, 5, 6, 7, 9, 14, 17, 18, 19, 20, 23, 24, 25]
Jogo 05: [2, 3, 7, 8, 9, 11, 12, 13, 14, 15, 16, 17, 21, 23, 25]
Jogo 06: [2, 3, 4, 5, 7, 8, 10, 11, 12, 13, 16, 21, 22, 23, 25]
Jogo 07: [2, 3, 4, 5, 6, 8, 9, 13, 15, 16, 17, 19, 21, 23, 25]
Jogo 08: [1, 3, 4, 7, 9, 10, 13, 15, 16, 17, 20, 21, 22, 23, 24]
Jogo 09: [1, 2, 3, 4, 10, 11, 12, 13, 14, 15, 16, 17, 20, 23, 25]
Jogo 10: [2, 3, 4, 5, 6, 7, 8, 10, 12, 15, 17, 18, 20, 21, 23]

==================================================
🎯 7 JOGOS — 18 DEZENAS

Jogo 01: [1, 2, 3, 4, 5, 7, 9, 10, 11, 12, 13, 16, 17, 18, 21, 23, 24, 25]
Jogo 02: [3, 5, 7, 8, 9, 10, 12, 13, 14, 15, 16, 17, 18, 19, 21, 23, 24, 25]
Jogo 03: [2, 3, 5, 6, 7, 8, 9, 12, 13, 14, 15, 16, 17, 18, 20, 22, 23, 25]
Jogo 04: [1, 2, 3, 4, 5, 6, 7, 9, 10, 12, 14, 15, 16, 17, 21, 23, 24, 25]
Jogo 05: [1, 2, 3, 4, 5, 7, 8, 12, 13, 14, 15, 17, 18, 20, 21, 23, 24, 25]
Jogo 06: [1, 2, 3, 5, 6, 7, 8, 9, 11, 12, 13, 14, 15, 17, 19, 20, 23, 24]
Jogo 07: [2, 3, 4, 7, 8, 9, 10, 11, 12, 13, 15, 18, 19, 20, 21, 22, 23, 24]
