📊 RELATÓRIO FINAL — IA LOTOFÁCIL
==================================================

🔹 ESTATÍSTICAS DO TREINAMENTO
Jogos avaliados: 3579
Média de pontos: 9.0
Jogos 11+: 373
Taxa premiada (%): 10.42

==================================================
🎯 10 JOGOS — 15 DEZENAS

Jogo 01: [1, 2, 3, 4, 5, 7, 8, 9, 11, 13, 14, 16, 18, 20, 25]
Jogo 02: [3, 4, 6, 7, 9, 10, 11, 12, 13, 14, 16, 17, 18, 19, 20]
Jogo 03: [4, 6, 7, 8, 10, 11, 12, 13, 14, 16, 18, 19, 20, 23, 25]
Jogo 04: [2, 3, 4, 5, 7, 8, 9, 10, 13, 14, 17, 18, 19, 20, 24]
Jogo 05: [2, 3, 5, 7, 8, 9, 10, 11, 14, 15, 17, 18, 20, 24, 25]
Jogo 06: [1, 4, 7, 8, 10, 11, 13, 14, 16, 17, 19, 20, 21, 22, 25]
Jogo 07: [1, 2, 4, 5, 6, 7, 9, 11, 14, 15, 16, 18, 21, 22, 23]
Jogo 08: [5, 7, 8, 9, 10, 11, 12, 13, 14, 16, 17, 18, 20, 21, 24]
Jogo 09: [2, 3, 4, 7, 8, 9, 11, 12, 13, 16, 18, 21, 22, 23, 25]
Jogo 10: [5, 6, 7, 8, 9, 11, 12, 13, 14, 15, 18, 19, 20, 23, 25]

==================================================
🎯 7 JOGOS — 18 DEZENAS

Jogo 01: [2, 4, 5, 6, 7, 9, 10, 11, 12, 14, 16, 17, 19, 20, 21, 22, 23, 25]
Jogo 02: [1, 2, 6, 8, 9, 10, 11, 12, 13, 14, 15, 16, 17, 18, 19, 21, 24, 25]
Jogo 03: [1, 2, 3, 4, 6, 7, 9, 11, 12, 14, 15, 16, 18, 19, 20, 21, 22, 23]
Jogo 04: [1, 2, 7, 8, 9, 10, 11, 13, 14, 17, 18, 19, 20, 21, 22, 23, 24, 25]
Jogo 05: [1, 3, 4, 7, 8, 9, 10, 11, 12, 13, 14, 15, 16, 17, 18, 22, 24, 25]
Jogo 06: [2, 3, 8, 9, 10, 11, 12, 13, 14, 15, 16, 17, 18, 19, 20, 21, 22, 24]
Jogo 07: [1, 2, 4, 6, 8, 9, 10, 11, 12, 13, 14, 16, 18, 19, 20, 23, 24, 25]
