📊 RELATÓRIO FINAL — IA LOTOFÁCIL
==================================================

🔹 ESTATÍSTICAS DO TREINAMENTO
Jogos avaliados: 3584
Média de pontos: 9.04
Jogos 11+: 418
Taxa premiada (%): 11.66

==================================================
🎯 10 JOGOS — 15 DEZENAS

Jogo 01: [1, 2, 6, 7, 8, 9, 11, 12, 13, 15, 17, 18, 23, 24, 25]
Jogo 02: [1, 2, 3, 4, 7, 9, 10, 11, 12, 13, 15, 17, 18, 23, 25]
Jogo 03: [1, 2, 5, 6, 9, 10, 11, 12, 13, 14, 15, 20, 23, 24, 25]
Jogo 04: [1, 3, 4, 5, 8, 9, 11, 14, 16, 18, 20, 21, 23, 24, 25]
Jogo 05: [1, 2, 3, 6, 10, 11, 12, 13, 15, 17, 18, 19, 22, 23, 24]
Jogo 06: [4, 5, 6, 8, 10, 11, 12, 13, 14, 16, 17, 21, 23, 24, 25]
Jogo 07: [3, 5, 6, 7, 10, 13, 15, 16, 17, 18, 19, 20, 21, 23, 24]
Jogo 08: [2, 3, 5, 10, 11, 13, 14, 15, 16, 18, 19, 20, 22, 24, 25]
Jogo 09: [3, 4, 5, 6, 8, 9, 11, 12, 13, 14, 16, 17, 21, 23, 24]
Jogo 10: [1, 2, 5, 6, 7, 9, 10, 12, 14, 15, 16, 20, 21, 24, 25]

==================================================
🎯 7 JOGOS — 18 DEZENAS

Jogo 01: [1, 2, 3, 4, 5, 6, 7, 8, 10, 11, 12, 13, 14, 15, 18, 21, 22, 24]
Jogo 02: [1, 2, 3, 4, 5, 6, 9, 12, 13, 14, 15, 16, 17, 20, 21, 22, 23, 25]
Jogo 03: [1, 2, 3, 4, 5, 6, 8, 10, 12, 13, 16, 17, 18, 20, 22, 23, 24, 25]
Jogo 04: [1, 3, 4, 5, 6, 9, 10, 13, 14, 15, 17, 18, 19, 20, 21, 22, 23, 24]
Jogo 05: [1, 2, 3, 4, 5, 6, 8, 9, 10, 11, 13, 16, 17, 18, 19, 21, 24, 25]
Jogo 06: [3, 4, 5, 6, 7, 8, 10, 11, 12, 13, 14, 17, 19, 21, 22, 23, 24, 25]
Jogo 07: [1, 4, 5, 6, 7, 8, 9, 11, 12, 13, 14, 17, 18, 20, 21, 23, 24, 25]
