📊 RELATÓRIO FINAL — IA LOTOFÁCIL
==================================================

🔹 ESTATÍSTICAS DO TREINAMENTO
Jogos avaliados: 3584
Média de pontos: 10.83
Jogos 11+: 2170
Taxa premiada (%): 60.55
dezenas_treinamento: {18: 731, 20: 726, 19: 676, 17: 736, 16: 715}

--------------------------------------------------
🔢 DISTRIBUIÇÃO DE DEZENAS NO TREINAMENTO

16 dezenas → 715 ciclos
17 dezenas → 736 ciclos
18 dezenas → 731 ciclos
19 dezenas → 676 ciclos
20 dezenas → 726 ciclos

==================================================
🎯 10 JOGOS — 15 DEZENAS

Jogo 01: [2, 3, 5, 6, 7, 9, 10, 11, 12, 14, 18, 19, 20, 21, 23]
Jogo 02: [1, 2, 3, 5, 6, 7, 8, 9, 11, 12, 17, 18, 20, 24, 25]
Jogo 03: [1, 3, 4, 5, 9, 10, 12, 14, 15, 17, 19, 21, 23, 24, 25]
Jogo 04: [1, 2, 3, 4, 9, 10, 11, 13, 15, 16, 17, 18, 20, 23, 24]
Jogo 05: [3, 6, 7, 10, 11, 12, 13, 14, 16, 17, 18, 20, 21, 22, 24]
Jogo 06: [1, 3, 7, 9, 10, 11, 13, 17, 18, 19, 20, 21, 22, 23, 25]
Jogo 07: [1, 2, 3, 6, 7, 9, 12, 13, 16, 18, 20, 21, 22, 23, 25]
Jogo 08: [1, 4, 5, 6, 9, 13, 14, 15, 16, 18, 19, 21, 23, 24, 25]
Jogo 09: [2, 3, 5, 9, 10, 11, 12, 17, 18, 19, 20, 21, 23, 24, 25]
Jogo 10: [1, 5, 6, 8, 9, 12, 13, 15, 16, 17, 19, 20, 21, 24, 25]

==================================================
🎯 7 JOGOS — 18 DEZENAS

Jogo 01: [1, 2, 3, 6, 8, 9, 10, 11, 12, 13, 14, 16, 19, 21, 22, 23, 24, 25]
Jogo 02: [1, 5, 6, 8, 9, 11, 13, 14, 15, 16, 17, 19, 20, 21, 22, 23, 24, 25]
Jogo 03: [1, 3, 4, 5, 6, 8, 9, 11, 12, 13, 14, 15, 16, 18, 19, 21, 22, 23]
Jogo 04: [1, 4, 6, 7, 8, 9, 11, 12, 13, 14, 15, 16, 17, 18, 20, 21, 24, 25]
Jogo 05: [1, 3, 4, 6, 8, 9, 10, 11, 12, 13, 14, 16, 17, 20, 21, 22, 24, 25]
Jogo 06: [1, 2, 4, 5, 6, 8, 9, 10, 11, 12, 13, 14, 16, 17, 19, 20, 21, 23]
Jogo 07: [3, 4, 5, 6, 7, 9, 10, 12, 13, 14, 15, 18, 20, 21, 22, 23, 24, 25]
