📊 RELATÓRIO FINAL — IA LOTOFÁCIL
==================================================

🔹 ESTATÍSTICAS DO TREINAMENTO
Jogos avaliados: 3584
Média de pontos: 9.02
Jogos 11+: 401
Taxa premiada (%): 11.19

==================================================
🎯 10 JOGOS — 15 DEZENAS

Jogo 01: [2, 5, 6, 7, 8, 10, 11, 12, 16, 19, 20, 21, 23, 24, 25]
Jogo 02: [1, 4, 6, 7, 8, 9, 12, 13, 14, 15, 17, 19, 21, 23, 25]
Jogo 03: [2, 3, 4, 5, 6, 7, 9, 10, 11, 13, 14, 17, 19, 24, 25]
Jogo 04: [1, 3, 4, 6, 8, 9, 10, 16, 17, 18, 20, 21, 22, 23, 24]
Jogo 05: [1, 3, 4, 5, 6, 7, 8, 10, 12, 14, 15, 20, 21, 23, 25]
Jogo 06: [2, 3, 6, 7, 10, 12, 13, 14, 15, 17, 18, 20, 21, 23, 24]
Jogo 07: [6, 10, 11, 12, 13, 14, 15, 16, 17, 18, 19, 20, 22, 23, 25]
Jogo 08: [5, 6, 8, 9, 10, 11, 12, 13, 14, 17, 20, 21, 22, 24, 25]
Jogo 09: [1, 2, 3, 4, 5, 7, 8, 9, 10, 17, 18, 22, 23, 24, 25]
Jogo 10: [1, 2, 3, 6, 8, 9, 11, 12, 13, 18, 20, 22, 23, 24, 25]

==================================================
🎯 7 JOGOS — 18 DEZENAS

Jogo 01: [1, 3, 5, 6, 7, 8, 9, 10, 11, 12, 13, 14, 15, 18, 20, 21, 23, 25]
Jogo 02: [3, 4, 5, 6, 8, 9, 10, 11, 12, 13, 14, 15, 16, 18, 20, 21, 24, 25]
Jogo 03: [3, 4, 5, 6, 7, 9, 10, 11, 12, 13, 14, 17, 20, 21, 22, 23, 24, 25]
Jogo 04: [1, 2, 3, 4, 5, 6, 9, 10, 11, 12, 13, 14, 16, 17, 21, 23, 24, 25]
Jogo 05: [1, 2, 4, 5, 6, 7, 10, 13, 14, 15, 17, 19, 20, 21, 22, 23, 24, 25]
Jogo 06: [1, 3, 4, 6, 8, 9, 11, 13, 14, 15, 16, 17, 18, 19, 20, 23, 24, 25]
Jogo 07: [1, 3, 4, 5, 6, 9, 10, 11, 13, 14, 15, 16, 17, 18, 20, 21, 22, 25]
