📊 RELATÓRIO FINAL — IA LOTOFÁCIL
==================================================

🔹 ESTATÍSTICAS DO TREINAMENTO
Jogos avaliados: 3579
Média de pontos: 8.98
Jogos 11+: 351
Taxa premiada (%): 9.81

==================================================
🎯 10 JOGOS — 15 DEZENAS

Jogo 01: [2, 5, 6, 8, 9, 10, 11, 12, 15, 16, 17, 20, 21, 23, 25]
Jogo 02: [2, 3, 6, 8, 9, 13, 15, 16, 17, 18, 20, 21, 22, 24, 25]
Jogo 03: [1, 2, 4, 6, 8, 9, 10, 11, 12, 14, 16, 17, 19, 20, 21]
Jogo 04: [1, 4, 7, 8, 9, 11, 12, 14, 15, 16, 17, 18, 22, 23, 25]
Jogo 05: [4, 6, 7, 8, 9, 11, 12, 13, 14, 15, 16, 17, 18, 24, 25]
Jogo 06: [4, 5, 7, 8, 9, 11, 12, 13, 16, 17, 18, 19, 21, 24, 25]
Jogo 07: [1, 2, 7, 8, 9, 11, 14, 16, 17, 18, 19, 20, 21, 24, 25]
Jogo 08: [3, 5, 6, 7, 8, 9, 13, 14, 16, 17, 18, 19, 20, 21, 23]
Jogo 09: [2, 3, 4, 5, 6, 10, 11, 12, 14, 15, 16, 17, 18, 24, 25]
Jogo 10: [2, 4, 5, 7, 8, 10, 11, 12, 13, 15, 16, 18, 19, 21, 25]

==================================================
🎯 7 JOGOS — 18 DEZENAS

Jogo 01: [1, 2, 3, 4, 6, 7, 9, 12, 13, 14, 15, 16, 18, 19, 20, 21, 24, 25]
Jogo 02: [3, 4, 5, 6, 7, 8, 9, 10, 12, 13, 14, 16, 18, 19, 20, 21, 24, 25]
Jogo 03: [1, 3, 4, 5, 6, 7, 9, 10, 11, 12, 15, 16, 17, 18, 19, 20, 21, 22]
Jogo 04: [1, 2, 3, 4, 6, 7, 8, 9, 12, 13, 14, 15, 18, 19, 20, 21, 24, 25]
Jogo 05: [1, 2, 3, 4, 6, 7, 8, 9, 11, 12, 14, 15, 16, 17, 19, 20, 24, 25]
Jogo 06: [1, 3, 5, 6, 7, 8, 9, 12, 14, 16, 17, 18, 19, 20, 21, 22, 23, 25]
Jogo 07: [2, 3, 4, 5, 7, 8, 9, 11, 14, 15, 16, 17, 18, 19, 20, 22, 23, 25]
