📊 RELATÓRIO FINAL — IA LOTOFÁCIL
==================================================

🔹 ESTATÍSTICAS DO TREINAMENTO
Jogos avaliados: 3584
Média de pontos: 10.85
Jogos 11+: 2163
Taxa premiada (%): 60.35
dezenas_treinamento: {18: 712, 19: 705, 17: 740, 16: 698, 20: 729}

--------------------------------------------------
🔢 DISTRIBUIÇÃO DE DEZENAS NO TREINAMENTO

16 dezenas → 698 ciclos
17 dezenas → 740 ciclos
18 dezenas → 712 ciclos
19 dezenas → 705 ciclos
20 dezenas → 729 ciclos

==================================================
🎯 10 JOGOS — 15 DEZENAS

Jogo 01: [6, 7, 8, 9, 10, 13, 14, 17, 19, 20, 21, 22, 23, 24, 25]
Jogo 02: [1, 4, 5, 6, 8, 9, 10, 12, 17, 18, 19, 20, 23, 24, 25]
Jogo 03: [2, 3, 4, 5, 6, 7, 8, 9, 12, 13, 14, 17, 18, 24, 25]
Jogo 04: [1, 6, 9, 10, 11, 12, 13, 14, 16, 17, 19, 21, 22, 23, 25]
Jogo 05: [1, 2, 5, 7, 8, 10, 12, 14, 15, 18, 19, 20, 22, 23, 25]
Jogo 06: [1, 3, 5, 6, 8, 9, 11, 12, 13, 14, 16, 17, 19, 24, 25]
Jogo 07: [1, 3, 4, 5, 7, 10, 11, 12, 13, 16, 17, 21, 22, 23, 24]
Jogo 08: [1, 6, 9, 10, 11, 12, 13, 14, 16, 17, 19, 22, 23, 24, 25]
Jogo 09: [5, 6, 10, 12, 13, 14, 15, 17, 18, 19, 20, 21, 23, 24, 25]
Jogo 10: [1, 2, 5, 7, 8, 10, 12, 13, 14, 16, 17, 19, 20, 23, 24]

==================================================
🎯 7 JOGOS — 18 DEZENAS

Jogo 01: [1, 2, 4, 5, 6, 8, 9, 10, 12, 13, 14, 15, 17, 18, 19, 20, 21, 23]
Jogo 02: [1, 3, 4, 5, 6, 7, 8, 10, 11, 14, 16, 17, 19, 20, 21, 23, 24, 25]
Jogo 03: [1, 3, 4, 5, 6, 9, 10, 12, 13, 14, 16, 17, 18, 20, 21, 22, 23, 24]
Jogo 04: [1, 4, 5, 6, 8, 9, 10, 12, 13, 14, 15, 17, 20, 21, 22, 23, 24, 25]
Jogo 05: [1, 5, 7, 8, 9, 11, 12, 13, 14, 15, 16, 18, 19, 21, 22, 23, 24, 25]
Jogo 06: [4, 5, 6, 8, 9, 10, 11, 12, 13, 14, 16, 19, 20, 21, 22, 23, 24, 25]
Jogo 07: [1, 2, 3, 5, 6, 7, 8, 9, 10, 11, 12, 14, 16, 17, 19, 21, 24, 25]
