📊 RELATÓRIO FINAL — IA LOTOFÁCIL
==================================================

🔹 ESTATÍSTICAS DO TREINAMENTO
Jogos avaliados: 3584
Média de pontos: 10.83
Jogos 11+: 2145
Taxa premiada (%): 59.85
dezenas_treinamento: {20: 713, 18: 763, 16: 672, 17: 740, 19: 696}

--------------------------------------------------
🔢 DISTRIBUIÇÃO DE DEZENAS NO TREINAMENTO

16 dezenas → 672 ciclos
17 dezenas → 740 ciclos
18 dezenas → 763 ciclos
19 dezenas → 696 ciclos
20 dezenas → 713 ciclos

==================================================
🎯 10 JOGOS — 15 DEZENAS

Jogo 01: [2, 6, 7, 9, 10, 11, 12, 14, 15, 17, 18, 19, 20, 22, 24]
Jogo 02: [1, 5, 8, 9, 12, 13, 14, 15, 16, 17, 18, 21, 22, 23, 24]
Jogo 03: [1, 2, 3, 5, 6, 9, 10, 11, 14, 15, 16, 18, 19, 22, 25]
Jogo 04: [1, 5, 7, 9, 10, 11, 12, 13, 15, 16, 17, 21, 23, 24, 25]
Jogo 05: [1, 6, 7, 11, 12, 15, 16, 17, 19, 20, 21, 22, 23, 24, 25]
Jogo 06: [1, 2, 3, 6, 8, 10, 14, 17, 19, 20, 21, 22, 23, 24, 25]
Jogo 07: [1, 4, 5, 6, 8, 9, 11, 14, 15, 17, 18, 19, 20, 21, 23]
Jogo 08: [1, 4, 7, 10, 12, 13, 14, 15, 16, 19, 21, 22, 23, 24, 25]
Jogo 09: [1, 2, 4, 5, 6, 8, 9, 11, 12, 13, 14, 18, 21, 24, 25]
Jogo 10: [3, 4, 5, 6, 7, 9, 10, 11, 12, 13, 15, 16, 17, 21, 25]

==================================================
🎯 7 JOGOS — 18 DEZENAS

Jogo 01: [2, 5, 6, 7, 8, 9, 11, 12, 13, 14, 15, 16, 17, 18, 19, 20, 22, 24]
Jogo 02: [1, 2, 3, 5, 6, 9, 10, 11, 12, 13, 14, 15, 17, 19, 20, 23, 24, 25]
Jogo 03: [1, 3, 5, 6, 7, 8, 10, 11, 12, 14, 16, 17, 20, 21, 22, 23, 24, 25]
Jogo 04: [2, 5, 6, 9, 10, 11, 12, 13, 14, 15, 17, 18, 19, 20, 21, 22, 23, 24]
Jogo 05: [1, 3, 4, 5, 6, 7, 8, 11, 12, 13, 14, 18, 19, 20, 21, 22, 24, 25]
Jogo 06: [1, 2, 3, 4, 5, 6, 8, 9, 10, 12, 13, 14, 16, 17, 19, 20, 22, 25]
Jogo 07: [1, 2, 4, 5, 6, 9, 10, 11, 12, 13, 14, 15, 17, 18, 19, 20, 23, 24]
