📊 RELATÓRIO FINAL — IA LOTOFÁCIL
==================================================

🔹 ESTATÍSTICAS DO TREINAMENTO
Jogos avaliados: 3579
Média de pontos: 9.02
Jogos 11+: 386
Taxa premiada (%): 10.79

==================================================
🎯 10 JOGOS — 15 DEZENAS

Jogo 01: [1, 2, 3, 6, 7, 8, 9, 11, 13, 16, 17, 18, 19, 20, 25]
Jogo 02: [1, 2, 3, 4, 8, 9, 10, 14, 16, 17, 18, 19, 21, 24, 25]
Jogo 03: [2, 3, 4, 5, 9, 12, 13, 14, 17, 19, 20, 21, 23, 24, 25]
Jogo 04: [2, 3, 5, 7, 8, 9, 11, 13, 14, 17, 18, 19, 20, 22, 25]
Jogo 05: [1, 3, 4, 6, 8, 9, 12, 13, 14, 15, 19, 20, 22, 24, 25]
Jogo 06: [1, 2, 4, 10, 11, 12, 13, 15, 17, 18, 19, 20, 21, 24, 25]
Jogo 07: [2, 4, 5, 6, 7, 8, 9, 10, 11, 12, 14, 15, 17, 20, 21]
Jogo 08: [2, 4, 7, 8, 9, 11, 12, 14, 16, 18, 19, 20, 21, 24, 25]
Jogo 09: [1, 2, 6, 7, 10, 11, 12, 13, 14, 16, 17, 18, 21, 22, 25]
Jogo 10: [1, 3, 5, 6, 7, 8, 13, 16, 17, 18, 19, 20, 21, 24, 25]

==================================================
🎯 7 JOGOS — 18 DEZENAS

Jogo 01: [2, 3, 5, 6, 7, 8, 9, 10, 12, 13, 14, 15, 17, 18, 19, 20, 21, 24]
Jogo 02: [1, 2, 4, 5, 6, 7, 8, 9, 12, 14, 16, 18, 19, 20, 21, 22, 24, 25]
Jogo 03: [2, 3, 4, 5, 6, 8, 9, 11, 12, 13, 14, 15, 16, 17, 18, 19, 24, 25]
Jogo 04: [1, 3, 4, 7, 8, 9, 12, 13, 14, 15, 16, 17, 18, 19, 20, 21, 24, 25]
Jogo 05: [2, 3, 5, 6, 9, 10, 11, 12, 13, 14, 15, 16, 17, 18, 19, 20, 23, 25]
Jogo 06: [1, 2, 5, 7, 9, 11, 12, 13, 14, 16, 18, 19, 20, 21, 22, 23, 24, 25]
Jogo 07: [3, 6, 9, 10, 11, 12, 13, 14, 15, 16, 17, 19, 20, 21, 22, 23, 24, 25]
