📊 RELATÓRIO FINAL — IA LOTOFÁCIL
==================================================

🔹 ESTATÍSTICAS DO TREINAMENTO
Jogos avaliados: 3584
Média de pontos: 10.84
Jogos 11+: 2182
Taxa premiada (%): 60.88
dezenas_treinamento: {17: 722, 18: 722, 16: 718, 19: 694, 20: 728}

--------------------------------------------------
🔢 DISTRIBUIÇÃO DE DEZENAS NO TREINAMENTO

16 dezenas → 718 ciclos
17 dezenas → 722 ciclos
18 dezenas → 722 ciclos
19 dezenas → 694 ciclos
20 dezenas → 728 ciclos

==================================================
🎯 10 JOGOS — 15 DEZENAS

Jogo 01: [1, 3, 5, 6, 8, 11, 12, 13, 14, 15, 18, 20, 21, 24, 25]
Jogo 02: [3, 5, 6, 7, 8, 9, 10, 11, 13, 17, 19, 22, 23, 24, 25]
Jogo 03: [3, 7, 9, 10, 11, 13, 14, 15, 17, 18, 19, 21, 22, 23, 25]
Jogo 04: [3, 4, 5, 6, 7, 8, 9, 11, 14, 16, 20, 22, 23, 24, 25]
Jogo 05: [3, 6, 9, 11, 13, 14, 17, 18, 19, 20, 21, 22, 23, 24, 25]
Jogo 06: [1, 5, 6, 8, 9, 10, 11, 14, 16, 18, 19, 20, 22, 23, 25]
Jogo 07: [1, 2, 3, 7, 8, 11, 12, 14, 15, 16, 19, 20, 21, 22, 24]
Jogo 08: [1, 2, 5, 6, 10, 12, 13, 14, 16, 20, 21, 22, 23, 24, 25]
Jogo 09: [1, 2, 4, 5, 8, 9, 11, 12, 13, 14, 15, 19, 23, 24, 25]
Jogo 10: [1, 2, 3, 8, 9, 10, 11, 12, 13, 14, 17, 20, 22, 23, 25]

==================================================
🎯 7 JOGOS — 18 DEZENAS

Jogo 01: [1, 2, 3, 4, 9, 10, 11, 12, 13, 14, 16, 17, 18, 20, 21, 23, 24, 25]
Jogo 02: [3, 4, 5, 6, 7, 9, 10, 11, 13, 14, 16, 17, 18, 20, 22, 23, 24, 25]
Jogo 03: [1, 2, 3, 4, 6, 9, 10, 11, 12, 14, 15, 16, 19, 20, 22, 23, 24, 25]
Jogo 04: [1, 6, 7, 8, 9, 10, 11, 13, 14, 16, 17, 18, 19, 20, 21, 23, 24, 25]
Jogo 05: [1, 2, 4, 5, 6, 7, 9, 10, 11, 13, 15, 17, 20, 21, 22, 23, 24, 25]
Jogo 06: [1, 2, 3, 6, 7, 9, 10, 11, 12, 13, 14, 17, 18, 19, 22, 23, 24, 25]
Jogo 07: [1, 3, 4, 5, 6, 7, 8, 10, 11, 12, 13, 14, 17, 19, 20, 21, 23, 25]
