📊 RELATÓRIO FINAL — IA LOTOFÁCIL
==================================================

🔹 ESTATÍSTICAS DO TREINAMENTO
Jogos avaliados: 3584
Média de pontos: 12.03
Jogos 11+: 3406
Taxa premiada (%): 95.03

==================================================
🎯 10 JOGOS — 15 DEZENAS

Jogo 01: [2, 4, 5, 7, 9, 10, 11, 12, 13, 17, 19, 20, 21, 22, 25]
Jogo 02: [1, 6, 7, 8, 9, 11, 13, 15, 16, 17, 19, 20, 21, 23, 25]
Jogo 03: [1, 4, 5, 6, 8, 11, 12, 13, 16, 17, 20, 21, 23, 24, 25]
Jogo 04: [2, 3, 4, 6, 7, 10, 11, 12, 13, 14, 16, 17, 20, 23, 24]
Jogo 05: [1, 2, 4, 5, 6, 7, 10, 11, 13, 14, 15, 20, 21, 22, 23]
Jogo 06: [2, 4, 5, 8, 11, 12, 15, 17, 19, 20, 21, 22, 23, 24, 25]
Jogo 07: [1, 3, 4, 7, 8, 9, 11, 12, 13, 14, 15, 17, 21, 22, 23]
Jogo 08: [2, 5, 6, 8, 11, 13, 14, 16, 18, 19, 20, 21, 22, 23, 25]
Jogo 09: [1, 6, 7, 9, 10, 11, 12, 14, 15, 17, 19, 20, 22, 23, 25]
Jogo 10: [4, 7, 9, 10, 11, 12, 13, 14, 17, 18, 20, 21, 23, 24, 25]

==================================================
🎯 7 JOGOS — 18 DEZENAS

Jogo 01: [1, 2, 4, 5, 8, 9, 10, 11, 12, 13, 14, 17, 18, 19, 20, 22, 24, 25]
Jogo 02: [3, 5, 6, 7, 9, 10, 11, 12, 13, 14, 17, 18, 19, 20, 22, 23, 24, 25]
Jogo 03: [1, 2, 3, 6, 7, 9, 10, 11, 12, 13, 14, 15, 17, 18, 20, 22, 24, 25]
Jogo 04: [2, 3, 6, 7, 8, 9, 10, 11, 12, 13, 15, 17, 19, 20, 21, 23, 24, 25]
Jogo 05: [1, 2, 3, 5, 6, 8, 9, 10, 11, 12, 14, 15, 16, 17, 18, 19, 20, 22]
Jogo 06: [1, 2, 3, 5, 6, 7, 8, 9, 10, 11, 13, 16, 17, 20, 21, 22, 24, 25]
Jogo 07: [1, 2, 3, 4, 5, 6, 8, 9, 10, 11, 13, 14, 15, 16, 17, 19, 20, 24]
