📊 RELATÓRIO FINAL — IA LOTOFÁCIL
==================================================

🔹 ESTATÍSTICAS DO TREINAMENTO
Jogos avaliados: 3584
Média de pontos: 10.83
Jogos 11+: 2168
Taxa premiada (%): 60.49
dezenas_treinamento: {20: 731, 18: 711, 17: 700, 19: 700, 16: 742}

--------------------------------------------------
🔢 DISTRIBUIÇÃO DE DEZENAS NO TREINAMENTO

16 dezenas → 742 ciclos
17 dezenas → 700 ciclos
18 dezenas → 711 ciclos
19 dezenas → 700 ciclos
20 dezenas → 731 ciclos

==================================================
🎯 10 JOGOS — 15 DEZENAS

Jogo 01: [1, 3, 5, 6, 8, 9, 10, 13, 14, 17, 18, 19, 20, 22, 23]
Jogo 02: [2, 3, 5, 7, 9, 11, 12, 13, 14, 16, 17, 18, 23, 24, 25]
Jogo 03: [1, 3, 4, 5, 6, 8, 9, 10, 14, 18, 20, 21, 22, 23, 25]
Jogo 04: [2, 3, 4, 5, 6, 9, 11, 13, 14, 15, 16, 19, 20, 21, 25]
Jogo 05: [1, 2, 3, 4, 5, 8, 9, 12, 14, 18, 19, 20, 21, 23, 25]
Jogo 06: [1, 2, 7, 8, 10, 11, 12, 14, 15, 17, 18, 20, 21, 23, 24]
Jogo 07: [1, 3, 4, 7, 9, 11, 12, 13, 16, 18, 20, 21, 22, 23, 24]
Jogo 08: [1, 2, 5, 6, 7, 11, 13, 15, 17, 18, 19, 21, 22, 24, 25]
Jogo 09: [6, 8, 9, 10, 11, 12, 14, 15, 16, 18, 19, 20, 21, 22, 25]
Jogo 10: [4, 6, 8, 11, 12, 13, 14, 16, 18, 19, 21, 22, 23, 24, 25]

==================================================
🎯 7 JOGOS — 18 DEZENAS

Jogo 01: [2, 4, 5, 7, 8, 9, 10, 11, 12, 13, 15, 16, 20, 21, 22, 23, 24, 25]
Jogo 02: [1, 3, 4, 5, 6, 9, 10, 11, 12, 13, 14, 18, 20, 21, 22, 23, 24, 25]
Jogo 03: [1, 2, 3, 5, 8, 9, 10, 11, 13, 14, 15, 17, 19, 20, 21, 22, 23, 25]
Jogo 04: [2, 3, 4, 5, 6, 7, 8, 9, 11, 12, 13, 15, 17, 19, 20, 21, 24, 25]
Jogo 05: [1, 3, 4, 6, 8, 9, 10, 11, 12, 13, 14, 15, 16, 17, 21, 23, 24, 25]
Jogo 06: [1, 5, 6, 7, 8, 9, 10, 11, 12, 14, 15, 16, 17, 19, 20, 21, 23, 24]
Jogo 07: [1, 2, 3, 5, 6, 7, 8, 9, 10, 13, 17, 18, 20, 21, 22, 23, 24, 25]
