📊 RELATÓRIO FINAL — IA LOTOFÁCIL
==================================================

🔹 ESTATÍSTICAS DO TREINAMENTO
Jogos avaliados: 3579
Média de pontos: 8.99
Jogos 11+: 400
Taxa premiada (%): 11.18

==================================================
🎯 10 JOGOS — 15 DEZENAS

Jogo 01: [1, 4, 5, 7, 8, 10, 13, 14, 15, 16, 18, 19, 21, 23, 25]
Jogo 02: [2, 4, 6, 7, 8, 9, 10, 11, 17, 18, 20, 21, 23, 24, 25]
Jogo 03: [2, 3, 4, 6, 7, 8, 9, 12, 14, 17, 18, 20, 21, 24, 25]
Jogo 04: [2, 3, 6, 7, 8, 9, 10, 11, 13, 14, 16, 18, 19, 20, 25]
Jogo 05: [2, 4, 5, 6, 8, 9, 10, 11, 13, 14, 16, 21, 22, 23, 25]
Jogo 06: [2, 6, 9, 10, 11, 12, 14, 16, 17, 18, 19, 20, 22, 24, 25]
Jogo 07: [2, 3, 6, 8, 9, 11, 12, 13, 15, 18, 20, 21, 22, 24, 25]
Jogo 08: [1, 2, 6, 7, 8, 11, 12, 13, 14, 15, 17, 18, 20, 21, 22]
Jogo 09: [1, 2, 4, 5, 6, 7, 9, 10, 12, 14, 15, 18, 22, 24, 25]
Jogo 10: [1, 2, 3, 5, 7, 8, 11, 13, 14, 16, 17, 20, 21, 24, 25]

==================================================
🎯 7 JOGOS — 18 DEZENAS

Jogo 01: [1, 2, 3, 4, 5, 6, 7, 8, 12, 13, 14, 16, 18, 19, 22, 23, 24, 25]
Jogo 02: [2, 4, 5, 6, 9, 10, 11, 12, 13, 14, 16, 18, 19, 20, 21, 22, 23, 25]
Jogo 03: [1, 3, 4, 6, 7, 8, 9, 10, 11, 12, 14, 15, 18, 19, 20, 21, 24, 25]
Jogo 04: [1, 2, 3, 6, 7, 8, 9, 10, 11, 12, 13, 14, 15, 18, 19, 20, 21, 22]
Jogo 05: [1, 2, 3, 4, 5, 6, 7, 8, 9, 10, 11, 12, 14, 15, 17, 18, 21, 22]
Jogo 06: [1, 5, 6, 7, 8, 9, 10, 11, 12, 13, 15, 16, 17, 18, 19, 20, 21, 25]
Jogo 07: [1, 2, 4, 5, 6, 7, 8, 10, 12, 13, 15, 16, 18, 20, 21, 22, 23, 24]
