📊 RELATÓRIO FINAL — IA LOTOFÁCIL
==================================================

🔹 ESTATÍSTICAS DO TREINAMENTO
Jogos avaliados: 3579
Média de pontos: 8.97
Jogos 11+: 377
Taxa premiada (%): 10.53

==================================================
🎯 10 JOGOS — 15 DEZENAS

Jogo 01: [4, 5, 7, 8, 9, 11, 12, 14, 16, 17, 18, 20, 21, 24, 25]
Jogo 02: [1, 3, 5, 7, 8, 9, 11, 12, 13, 17, 18, 19, 20, 23, 25]
Jogo 03: [2, 5, 6, 7, 8, 9, 12, 13, 14, 15, 16, 17, 20, 23, 24]
Jogo 04: [6, 7, 8, 9, 11, 12, 14, 15, 16, 17, 18, 20, 21, 22, 25]
Jogo 05: [1, 3, 7, 8, 11, 12, 13, 14, 15, 16, 18, 19, 21, 22, 24]
Jogo 06: [1, 2, 5, 6, 9, 10, 11, 12, 13, 14, 15, 16, 17, 20, 21]
Jogo 07: [2, 3, 5, 6, 7, 9, 11, 12, 16, 17, 19, 20, 21, 22, 25]
Jogo 08: [1, 2, 3, 4, 6, 8, 10, 11, 12, 13, 14, 16, 20, 21, 22]
Jogo 09: [1, 5, 7, 8, 9, 10, 12, 13, 15, 16, 17, 18, 19, 20, 21]
Jogo 10: [1, 3, 4, 6, 7, 8, 10, 11, 13, 15, 16, 20, 21, 22, 25]

==================================================
🎯 7 JOGOS — 18 DEZENAS

Jogo 01: [1, 4, 6, 7, 8, 9, 10, 11, 13, 14, 15, 16, 17, 18, 19, 20, 21, 25]
Jogo 02: [1, 2, 3, 6, 7, 8, 11, 12, 13, 14, 15, 16, 17, 18, 19, 21, 22, 25]
Jogo 03: [1, 2, 3, 4, 5, 6, 7, 11, 12, 13, 14, 15, 16, 17, 19, 20, 21, 25]
Jogo 04: [1, 3, 4, 5, 6, 9, 11, 12, 13, 14, 16, 17, 18, 19, 20, 21, 23, 24]
Jogo 05: [1, 2, 4, 5, 6, 7, 9, 10, 11, 12, 13, 16, 18, 20, 21, 22, 23, 25]
Jogo 06: [1, 3, 6, 7, 8, 9, 10, 12, 13, 14, 15, 16, 17, 18, 19, 20, 21, 24]
Jogo 07: [2, 3, 4, 6, 8, 9, 10, 11, 12, 13, 14, 16, 18, 19, 20, 23, 24, 25]
