📊 RELATÓRIO FINAL — IA LOTOFÁCIL
==================================================

🔹 ESTATÍSTICAS DO TREINAMENTO
Jogos avaliados: 3584
Média de pontos: 10.81
Jogos 11+: 2159
Taxa premiada (%): 60.24
dezenas_treinamento: {18: 727, 20: 726, 19: 687, 16: 675, 17: 769}

--------------------------------------------------
🔢 DISTRIBUIÇÃO DE DEZENAS NO TREINAMENTO

16 dezenas → 675 ciclos
17 dezenas → 769 ciclos
18 dezenas → 727 ciclos
19 dezenas → 687 ciclos
20 dezenas → 726 ciclos

==================================================
🎯 10 JOGOS — 15 DEZENAS

Jogo 01: [1, 6, 7, 8, 9, 10, 11, 12, 13, 15, 18, 19, 20, 24, 25]
Jogo 02: [1, 3, 6, 7, 9, 10, 12, 13, 14, 17, 18, 19, 22, 24, 25]
Jogo 03: [2, 3, 4, 5, 8, 11, 13, 15, 17, 18, 20, 21, 23, 24, 25]
Jogo 04: [1, 2, 3, 6, 7, 10, 12, 13, 14, 15, 16, 18, 20, 21, 23]
Jogo 05: [2, 3, 5, 8, 9, 10, 11, 12, 14, 17, 19, 20, 21, 24, 25]
Jogo 06: [1, 2, 4, 6, 7, 9, 10, 11, 13, 14, 17, 20, 21, 22, 23]
Jogo 07: [2, 3, 5, 6, 9, 11, 14, 16, 17, 20, 21, 22, 23, 24, 25]
Jogo 08: [4, 5, 6, 7, 8, 10, 12, 13, 14, 16, 17, 20, 21, 22, 24]
Jogo 09: [1, 2, 3, 5, 7, 8, 9, 11, 14, 17, 20, 21, 22, 24, 25]
Jogo 10: [2, 3, 4, 5, 6, 7, 10, 12, 13, 15, 17, 21, 23, 24, 25]

==================================================
🎯 7 JOGOS — 18 DEZENAS

Jogo 01: [2, 4, 5, 9, 11, 12, 13, 14, 15, 16, 18, 19, 20, 21, 22, 23, 24, 25]
Jogo 02: [1, 3, 4, 5, 6, 7, 9, 12, 13, 14, 16, 19, 20, 21, 22, 23, 24, 25]
Jogo 03: [1, 2, 3, 4, 5, 6, 7, 9, 10, 11, 14, 15, 18, 20, 21, 23, 24, 25]
Jogo 04: [2, 4, 5, 6, 7, 8, 9, 12, 14, 15, 16, 17, 18, 20, 21, 23, 24, 25]
Jogo 05: [1, 3, 4, 6, 7, 8, 9, 10, 11, 12, 13, 14, 15, 16, 19, 20, 23, 24]
Jogo 06: [2, 3, 6, 7, 8, 9, 10, 11, 12, 13, 14, 15, 17, 18, 20, 23, 24, 25]
Jogo 07: [2, 4, 5, 6, 8, 9, 11, 12, 13, 14, 15, 17, 18, 19, 20, 21, 23, 24]
