📊 RELATÓRIO FINAL — IA LOTOFÁCIL
==================================================

🔹 ESTATÍSTICAS DO TREINAMENTO
Jogos avaliados: 3584
Média de pontos: 10.87
Jogos 11+: 2195
Taxa premiada (%): 61.24
dezenas_treinamento: {19: 736, 18: 719, 16: 717, 20: 753, 17: 659}

--------------------------------------------------
🔢 DISTRIBUIÇÃO DE DEZENAS NO TREINAMENTO

16 dezenas → 717 ciclos
17 dezenas → 659 ciclos
18 dezenas → 719 ciclos
19 dezenas → 736 ciclos
20 dezenas → 753 ciclos

==================================================
🎯 10 JOGOS — 15 DEZENAS

Jogo 01: [2, 4, 5, 6, 7, 8, 10, 11, 13, 14, 17, 19, 21, 22, 23]
Jogo 02: [1, 4, 5, 7, 9, 10, 11, 12, 13, 14, 16, 18, 20, 21, 22]
Jogo 03: [1, 3, 6, 10, 11, 12, 13, 14, 16, 17, 20, 21, 22, 24, 25]
Jogo 04: [1, 2, 4, 6, 7, 9, 10, 12, 14, 16, 17, 19, 22, 23, 24]
Jogo 05: [1, 3, 5, 8, 9, 10, 12, 13, 16, 17, 19, 20, 21, 23, 24]
Jogo 06: [1, 2, 3, 5, 6, 11, 13, 15, 16, 17, 20, 21, 23, 24, 25]
Jogo 07: [1, 2, 4, 5, 7, 8, 12, 13, 14, 17, 18, 19, 20, 21, 23]
Jogo 08: [1, 2, 5, 6, 9, 10, 11, 12, 13, 19, 20, 21, 22, 23, 24]
Jogo 09: [2, 4, 7, 8, 10, 11, 12, 13, 14, 17, 19, 20, 21, 22, 25]
Jogo 10: [1, 4, 6, 7, 10, 12, 14, 17, 18, 19, 20, 21, 23, 24, 25]

==================================================
🎯 7 JOGOS — 18 DEZENAS

Jogo 01: [1, 2, 3, 4, 5, 6, 8, 10, 11, 12, 13, 16, 17, 18, 20, 21, 23, 24]
Jogo 02: [1, 3, 4, 5, 8, 9, 10, 12, 15, 17, 18, 19, 20, 21, 22, 23, 24, 25]
Jogo 03: [1, 2, 3, 4, 6, 8, 9, 11, 12, 14, 15, 16, 17, 19, 20, 21, 23, 24]
Jogo 04: [2, 3, 5, 6, 7, 8, 9, 10, 11, 12, 13, 14, 15, 17, 21, 22, 24, 25]
Jogo 05: [1, 5, 7, 8, 10, 11, 12, 13, 14, 15, 16, 17, 18, 19, 20, 21, 24, 25]
Jogo 06: [1, 3, 4, 5, 6, 8, 9, 10, 11, 12, 14, 15, 17, 18, 20, 21, 23, 25]
Jogo 07: [1, 2, 4, 5, 6, 7, 8, 9, 10, 11, 12, 13, 14, 15, 16, 17, 23, 25]
