📊 RELATÓRIO FINAL — IA LOTOFÁCIL
==================================================

🔹 ESTATÍSTICAS DO TREINAMENTO
Jogos avaliados: 3584
Média de pontos: 10.86
Jogos 11+: 2164
Taxa premiada (%): 60.38
dezenas_treinamento: {20: 730, 18: 695, 19: 756, 17: 679, 16: 724}

--------------------------------------------------
🔢 DISTRIBUIÇÃO DE DEZENAS NO TREINAMENTO

16 dezenas → 724 ciclos
17 dezenas → 679 ciclos
18 dezenas → 695 ciclos
19 dezenas → 756 ciclos
20 dezenas → 730 ciclos

==================================================
🎯 10 JOGOS — 15 DEZENAS

Jogo 01: [1, 2, 5, 6, 7, 10, 12, 13, 14, 18, 19, 20, 23, 24, 25]
Jogo 02: [2, 5, 9, 10, 11, 12, 13, 14, 16, 17, 20, 21, 22, 23, 24]
Jogo 03: [1, 3, 5, 6, 7, 11, 12, 13, 14, 17, 18, 20, 21, 24, 25]
Jogo 04: [1, 6, 7, 8, 10, 11, 12, 13, 14, 17, 18, 22, 23, 24, 25]
Jogo 05: [1, 3, 4, 6, 7, 9, 11, 12, 13, 14, 15, 20, 21, 23, 24]
Jogo 06: [1, 4, 5, 9, 10, 11, 12, 13, 14, 18, 19, 20, 21, 23, 24]
Jogo 07: [1, 3, 4, 5, 8, 10, 11, 12, 13, 16, 17, 20, 23, 24, 25]
Jogo 08: [2, 4, 5, 6, 9, 10, 11, 12, 13, 14, 19, 21, 22, 24, 25]
Jogo 09: [2, 5, 6, 9, 10, 11, 14, 15, 16, 17, 18, 19, 20, 24, 25]
Jogo 10: [2, 3, 5, 6, 8, 9, 10, 11, 12, 13, 17, 20, 23, 24, 25]

==================================================
🎯 7 JOGOS — 18 DEZENAS

Jogo 01: [1, 4, 5, 6, 7, 8, 9, 10, 11, 12, 13, 15, 17, 19, 20, 21, 22, 25]
Jogo 02: [1, 2, 4, 5, 6, 7, 8, 9, 10, 11, 13, 14, 15, 16, 17, 19, 23, 24]
Jogo 03: [2, 3, 4, 5, 6, 8, 10, 11, 12, 13, 14, 17, 18, 20, 21, 23, 24, 25]
Jogo 04: [1, 3, 4, 5, 6, 8, 9, 10, 11, 12, 13, 15, 16, 20, 21, 23, 24, 25]
Jogo 05: [1, 3, 5, 7, 8, 9, 10, 11, 12, 13, 14, 17, 18, 19, 20, 21, 24, 25]
Jogo 06: [1, 2, 5, 6, 7, 8, 10, 12, 13, 14, 16, 17, 18, 19, 20, 23, 24, 25]
Jogo 07: [1, 2, 3, 5, 7, 8, 9, 11, 12, 14, 15, 16, 17, 18, 20, 21, 23, 25]
