📊 RELATÓRIO FINAL — IA LOTOFÁCIL
==================================================

🔹 ESTATÍSTICAS DO TREINAMENTO
Jogos avaliados: 3579
Média de pontos: 9.01
Jogos 11+: 370
Taxa premiada (%): 10.34

==================================================
🎯 10 JOGOS — 15 DEZENAS

Jogo 01: [1, 5, 7, 9, 12, 14, 15, 16, 17, 18, 19, 20, 21, 24, 25]
Jogo 02: [5, 6, 8, 9, 10, 11, 12, 13, 14, 15, 18, 19, 20, 21, 22]
Jogo 03: [1, 2, 5, 6, 8, 9, 12, 14, 15, 16, 17, 18, 19, 20, 21]
Jogo 04: [3, 4, 6, 8, 11, 13, 15, 16, 17, 18, 20, 21, 22, 24, 25]
Jogo 05: [1, 2, 6, 7, 9, 11, 14, 16, 17, 18, 19, 20, 21, 22, 24]
Jogo 06: [3, 4, 5, 6, 7, 8, 9, 10, 11, 16, 19, 20, 22, 24, 25]
Jogo 07: [3, 4, 6, 9, 10, 11, 12, 14, 15, 17, 18, 19, 20, 23, 25]
Jogo 08: [2, 6, 7, 8, 11, 12, 13, 16, 19, 20, 21, 22, 23, 24, 25]
Jogo 09: [1, 3, 7, 8, 9, 11, 12, 14, 15, 16, 18, 19, 20, 21, 22]
Jogo 10: [2, 3, 6, 8, 9, 11, 12, 14, 15, 17, 19, 21, 22, 23, 25]

==================================================
🎯 7 JOGOS — 18 DEZENAS

Jogo 01: [1, 3, 5, 6, 7, 8, 9, 11, 13, 14, 17, 18, 19, 20, 21, 23, 24, 25]
Jogo 02: [2, 3, 5, 7, 8, 9, 10, 12, 13, 14, 15, 16, 17, 18, 19, 20, 23, 25]
Jogo 03: [1, 2, 3, 5, 7, 8, 10, 11, 13, 14, 15, 16, 17, 18, 20, 23, 24, 25]
Jogo 04: [1, 4, 6, 7, 8, 10, 11, 12, 13, 14, 15, 16, 17, 18, 19, 20, 21, 22]
Jogo 05: [1, 2, 5, 6, 7, 8, 9, 10, 11, 12, 13, 14, 16, 18, 21, 22, 23, 24]
Jogo 06: [2, 3, 5, 6, 9, 10, 11, 12, 13, 14, 16, 18, 20, 21, 22, 23, 24, 25]
Jogo 07: [2, 3, 4, 5, 6, 7, 8, 9, 11, 13, 14, 16, 17, 18, 19, 20, 21, 23]
