📊 RELATÓRIO FINAL — IA LOTOFÁCIL
==================================================

🔹 ESTATÍSTICAS DO TREINAMENTO
Jogos avaliados: 3584
Média de pontos: 10.87
Jogos 11+: 2187
Taxa premiada (%): 61.02
dezenas_treinamento: {16: 720, 17: 725, 20: 690, 19: 758, 18: 691}

--------------------------------------------------
🔢 DISTRIBUIÇÃO DE DEZENAS NO TREINAMENTO

16 dezenas → 720 ciclos
17 dezenas → 725 ciclos
18 dezenas → 691 ciclos
19 dezenas → 758 ciclos
20 dezenas → 690 ciclos

==================================================
🎯 10 JOGOS — 15 DEZENAS

Jogo 01: [3, 5, 7, 8, 9, 10, 13, 14, 15, 17, 18, 20, 21, 24, 25]
Jogo 02: [2, 3, 5, 6, 9, 10, 12, 13, 14, 16, 20, 21, 22, 24, 25]
Jogo 03: [3, 5, 7, 9, 11, 12, 13, 14, 17, 19, 20, 21, 23, 24, 25]
Jogo 04: [1, 3, 6, 7, 8, 10, 12, 14, 16, 17, 19, 20, 21, 22, 24]
Jogo 05: [2, 3, 5, 6, 7, 9, 12, 14, 16, 17, 20, 21, 23, 24, 25]
Jogo 06: [1, 2, 3, 5, 6, 9, 10, 11, 12, 13, 14, 17, 21, 24, 25]
Jogo 07: [2, 7, 9, 10, 11, 12, 13, 14, 15, 19, 20, 21, 22, 23, 24]
Jogo 08: [7, 8, 10, 12, 13, 14, 15, 16, 17, 18, 20, 21, 22, 23, 25]
Jogo 09: [1, 2, 6, 8, 10, 11, 12, 13, 14, 17, 19, 20, 23, 24, 25]
Jogo 10: [4, 6, 9, 10, 11, 12, 14, 15, 17, 18, 21, 22, 23, 24, 25]

==================================================
🎯 7 JOGOS — 18 DEZENAS

Jogo 01: [1, 5, 6, 7, 9, 12, 14, 15, 16, 17, 18, 19, 20, 21, 22, 23, 24, 25]
Jogo 02: [1, 3, 4, 5, 6, 8, 9, 10, 12, 13, 14, 16, 17, 20, 21, 22, 23, 25]
Jogo 03: [1, 3, 4, 5, 6, 9, 12, 13, 15, 16, 18, 19, 20, 21, 22, 23, 24, 25]
Jogo 04: [1, 2, 3, 7, 8, 9, 10, 11, 12, 13, 14, 15, 16, 18, 21, 23, 24, 25]
Jogo 05: [1, 2, 4, 5, 7, 8, 9, 10, 12, 13, 16, 17, 18, 19, 20, 23, 24, 25]
Jogo 06: [1, 5, 6, 7, 8, 9, 10, 11, 12, 13, 15, 17, 18, 19, 20, 23, 24, 25]
Jogo 07: [3, 4, 5, 7, 8, 9, 11, 12, 14, 15, 16, 17, 19, 21, 22, 23, 24, 25]
