📊 RELATÓRIO FINAL — IA LOTOFÁCIL
==================================================

🔹 ESTATÍSTICAS DO TREINAMENTO
Jogos avaliados: 3584
Média de pontos: 10.84
Jogos 11+: 2221
Taxa premiada (%): 61.97

==================================================
🎯 10 JOGOS — 15 DEZENAS

Jogo 01: [1, 2, 5, 8, 10, 11, 13, 14, 15, 17, 18, 21, 22, 24, 25]
Jogo 02: [1, 2, 4, 7, 9, 10, 12, 14, 16, 17, 18, 20, 22, 23, 25]
Jogo 03: [1, 2, 4, 6, 10, 11, 13, 14, 16, 17, 18, 22, 23, 24, 25]
Jogo 04: [1, 3, 4, 5, 6, 7, 8, 9, 11, 12, 14, 17, 20, 23, 25]
Jogo 05: [3, 4, 5, 6, 11, 12, 14, 16, 17, 18, 21, 22, 23, 24, 25]
Jogo 06: [5, 6, 7, 9, 10, 11, 12, 15, 17, 18, 19, 21, 22, 23, 25]
Jogo 07: [2, 5, 6, 8, 9, 10, 14, 15, 16, 17, 18, 19, 20, 23, 24]
Jogo 08: [1, 2, 6, 9, 11, 12, 14, 15, 16, 17, 18, 19, 20, 22, 24]
Jogo 09: [1, 3, 4, 5, 6, 11, 13, 14, 15, 16, 17, 20, 21, 24, 25]
Jogo 10: [1, 3, 4, 5, 6, 7, 8, 10, 12, 13, 15, 17, 20, 22, 25]

==================================================
🎯 7 JOGOS — 18 DEZENAS

Jogo 01: [2, 3, 6, 8, 9, 10, 11, 12, 13, 14, 15, 16, 17, 21, 22, 23, 24, 25]
Jogo 02: [1, 3, 4, 5, 6, 8, 9, 10, 11, 12, 14, 17, 19, 21, 22, 23, 24, 25]
Jogo 03: [1, 2, 4, 5, 6, 7, 9, 10, 11, 12, 13, 14, 19, 20, 21, 23, 24, 25]
Jogo 04: [1, 2, 3, 4, 6, 9, 11, 12, 14, 15, 17, 18, 20, 21, 22, 23, 24, 25]
Jogo 05: [1, 2, 3, 4, 5, 6, 10, 11, 12, 14, 15, 17, 18, 20, 21, 22, 23, 24]
Jogo 06: [1, 2, 4, 5, 7, 9, 10, 11, 12, 13, 14, 15, 17, 18, 20, 21, 22, 24]
Jogo 07: [2, 3, 4, 5, 6, 9, 10, 12, 13, 14, 16, 17, 20, 21, 22, 23, 24, 25]
