📊 RELATÓRIO FINAL — IA LOTOFÁCIL
==================================================

🔹 ESTATÍSTICAS DO TREINAMENTO
Jogos avaliados: 3584
Média de pontos: 10.83
Jogos 11+: 2151
Taxa premiada (%): 60.02
dezenas_treinamento: {19: 678, 18: 726, 17: 729, 16: 738, 20: 713}

--------------------------------------------------
🔢 DISTRIBUIÇÃO DE DEZENAS NO TREINAMENTO

16 dezenas → 738 ciclos
17 dezenas → 729 ciclos
18 dezenas → 726 ciclos
19 dezenas → 678 ciclos
20 dezenas → 713 ciclos

==================================================
🎯 10 JOGOS — 15 DEZENAS

Jogo 01: [1, 2, 5, 6, 7, 10, 11, 12, 14, 15, 17, 18, 20, 23, 25]
Jogo 02: [1, 3, 6, 9, 10, 11, 14, 15, 16, 18, 19, 21, 22, 23, 25]
Jogo 03: [3, 5, 6, 8, 10, 13, 14, 15, 16, 17, 18, 19, 21, 22, 25]
Jogo 04: [1, 3, 5, 7, 9, 10, 11, 12, 14, 17, 19, 20, 21, 23, 25]
Jogo 05: [1, 4, 6, 7, 9, 10, 11, 13, 14, 15, 16, 17, 20, 23, 25]
Jogo 06: [2, 3, 4, 5, 6, 8, 11, 12, 13, 14, 16, 18, 21, 23, 24]
Jogo 07: [1, 2, 4, 5, 6, 9, 10, 12, 13, 14, 17, 19, 21, 23, 25]
Jogo 08: [1, 3, 7, 9, 11, 12, 13, 14, 16, 19, 20, 22, 23, 24, 25]
Jogo 09: [1, 4, 5, 7, 9, 11, 13, 15, 17, 20, 21, 22, 23, 24, 25]
Jogo 10: [3, 4, 6, 8, 9, 12, 14, 17, 18, 19, 20, 21, 22, 23, 24]

==================================================
🎯 7 JOGOS — 18 DEZENAS

Jogo 01: [1, 3, 5, 6, 8, 9, 10, 11, 12, 13, 14, 17, 19, 20, 21, 22, 23, 25]
Jogo 02: [1, 4, 5, 6, 7, 9, 10, 11, 12, 13, 14, 15, 16, 17, 18, 22, 24, 25]
Jogo 03: [1, 2, 4, 6, 8, 9, 10, 11, 12, 13, 16, 18, 19, 20, 21, 23, 24, 25]
Jogo 04: [1, 2, 4, 5, 7, 9, 10, 11, 12, 13, 14, 15, 16, 18, 20, 21, 24, 25]
Jogo 05: [1, 2, 3, 5, 6, 7, 9, 10, 12, 13, 15, 16, 17, 19, 20, 22, 23, 25]
Jogo 06: [1, 4, 5, 6, 8, 9, 10, 11, 12, 13, 15, 17, 18, 19, 20, 22, 23, 24]
Jogo 07: [1, 3, 5, 6, 7, 9, 10, 11, 12, 14, 15, 17, 20, 21, 22, 23, 24, 25]
